[peaceful_economy seed 1337] 天數=30｜★母體＝全隊名冊 12 支（沒據點的照樣印）
★門檻對照（純讀 code，非量測）：facility material 30~100｜outpost L1→L2 = 150｜L2→L3 = 400

── Team0 
   總量 首日 20 → 末日 63｜最大 63｜單調不減 否｜末 10 天極差 5（58〜63）
   拒絕合計：升級 26｜設施牆 2
   ★末段斜率(10 天) +0.53/日｜距【物理 150】165 天｜距【含緩衝 225】306 天
      （參考：全窗斜率 +1.48/日 —— ★含開局一次性支出，★★不可用來答「卡平台還是上升」）
   私產逐日：14 31 43 44 30 43 43 46 46 47 48 48 48 49 50 50 50 50 49 49 49 49 50 50 51 51 51 52 52 53
   公庫逐日：6 13 19 19 11 17 6 7 7 7 7 7 8 8 8 8 8 8 8 8 8 8 9 9 9 9 9 9 9 10
   當日拒絕：0 0 4 0 1 0 1 0 2 0 2 0 2 0 2 0 2 0 2 0 2 0 2 0 2 0 0 2 0 2
── Team1 
   總量 首日 23 → 末日 77｜最大 77｜單調不減 否｜末 10 天極差 4（73〜77）
   拒絕合計：升級 25｜設施牆 0
   ★末段斜率(10 天) +0.44/日｜距【物理 150】163 天｜距【含緩衝 225】332 天
      （參考：全窗斜率 +1.86/日 —— ★含開局一次性支出，★★不可用來答「卡平台還是上升」）
   私產逐日：16 37 34 39 47 47 47 48 21 47 50 50 50 51 52 52 52 52 52 52 52 52 52 52 52 53 53 54 54 54
   公庫逐日：7 16 14 9 12 13 13 13 9 20 21 21 21 21 22 22 22 22 22 22 22 22 22 22 22 22 22 23 23 23
   當日拒絕：0 0 1 0 2 0 2 0 0 0 2 0 2 0 2 0 2 0 2 0 2 0 2 0 2 0 0 2 0 2
── Team2 
   總量 首日 22 → 末日 73｜最大 73｜單調不減 否｜末 10 天極差 1（72〜73）
   拒絕合計：升級 26｜設施牆 0
   ★末段斜率(10 天) +0.09/日｜距【物理 150】876 天｜距【含緩衝 225】1726 天
      （參考：全窗斜率 +1.74/日 —— ★含開局一次性支出，★★不可用來答「卡平台還是上升」）
   私產逐日：16 35 31 44 33 46 47 48 49 49 49 50 50 51 51 51 51 51 51 51 51 51 52 52 52 52 52 52 52 52
   公庫逐日：7 15 13 19 13 18 19 19 20 20 20 20 20 20 21 21 21 21 21 21 21 21 21 21 21 21 21 21 21 21
   當日拒絕：0 0 1 0 1 0 2 0 2 0 2 0 2 0 2 0 2 0 2 0 2 0 2 0 2 0 0 2 0 2
── Team3 
   總量 首日 310 → 末日 171｜最大 310｜單調不減 否｜末 10 天極差 1（171〜172）
   拒絕合計：升級 25｜設施牆 0
   ★末段斜率(10 天) +0.09/日｜距【物理 150】已達｜距【含緩衝 225】618 天
      （參考：全窗斜率 -4.78/日 —— ★含開局一次性支出，★★不可用來答「卡平台還是上升」）
   私產逐日：110 20 20 20 17 17 17 18 18 19 19 19 20 21 21 21 22 23 23 23 24 25 25 25 25 25 25 25 25 25
   公庫逐日：200 200 200 200 143 143 144 144 144 144 144 144 145 145 145 145 146 146 146 146 147 147 147 147 147 147 147 147 147 147
   當日拒絕：0 0 0 0 1 0 2 0 2 0 2 0 2 0 2 0 2 0 2 0 2 0 2 0 2 0 0 2 0 2
── Team4 
   總量 首日 310 → 末日 181｜最大 310｜單調不減 否｜末 10 天極差 0（181〜181）
   拒絕合計：升級 25｜設施牆 0
   ★末段斜率(10 天) +0.00/日｜距【物理 150】已達｜距【含緩衝 225】永不（斜率≤0）
      （參考：全窗斜率 -4.45/日 —— ★含開局一次性支出，★★不可用來答「卡平台還是上升」）
   私產逐日：110 20 20 20 19 19 20 20 20 21 22 22 22 23 23 24 24 24 25 26 27 27 27 27 27 27 27 27 27 27
   公庫逐日：200 200 200 200 151 151 152 152 152 152 152 152 153 153 153 153 154 154 154 154 155 155 155 155 155 155 155 155 155 155
   當日拒絕：0 0 0 0 1 0 2 0 2 0 2 0 2 0 2 0 2 0 2 0 2 0 2 0 2 0 0 2 0 2
── Team5 
   總量 首日 370 → 末日 320｜最大 370｜單調不減 否｜末 10 天極差 0（320〜320）
   拒絕合計：升級 0｜設施牆 0
   ★末段斜率(10 天) +0.00/日｜距【物理 150】已達｜距【含緩衝 225】已達
      （參考：全窗斜率 -1.72/日 —— ★含開局一次性支出，★★不可用來答「卡平台還是上升」）
   私產逐日：170 170 120 120 120 120 120 120 120 120 120 120 120 120 120 120 120 120 120 120 120 120 120 120 120 120 120 120 120 120
   公庫逐日：200 200 200 200 200 200 200 200 200 200 200 200 200 200 200 200 200 200 200 200 200 200 200 200 200 200 200 200 200 200
   當日拒絕：0 0 0 0 0 0 0 0 0 0 0 0 0 0 0 0 0 0 0 0 0 0 0 0 0 0 0 0 0 0
── Team6 
   總量 首日 2 → 末日 51｜最大 51｜單調不減 是｜末 10 天極差 6（45〜51）
   拒絕合計：升級 28｜設施牆 28
   ★末段斜率(10 天) +0.67/日｜距【物理 150】149 天｜距【含緩衝 225】261 天
      （參考：全窗斜率 +1.67/日 —— ★含開局一次性支出，★★不可用來答「卡平台還是上升」）
   私產逐日：2 3 6 8 11 13 15 17 19 22 24 26 27 28 29 29 29 30 30 31 31 31 32 33 33 33 34 35 35 36
   公庫逐日：1 1 3 3 5 5 6 7 8 9 10 11 12 12 12 12 13 13 13 13 13 13 14 14 14 14 15 15 15 15
   當日拒絕：0 0 4 0 4 0 4 0 4 0 4 0 4 0 4 0 4 0 4 0 4 0 4 0 4 0 0 4 0 4
── Team7 
   總量 首日 310 → 末日 177｜最大 310｜單調不減 否｜末 10 天極差 0（177〜177）
   拒絕合計：升級 25｜設施牆 0
   ★末段斜率(10 天) +0.00/日｜距【物理 150】已達｜距【含緩衝 225】永不（斜率≤0）
      （參考：全窗斜率 -4.59/日 —— ★含開局一次性支出，★★不可用來答「卡平台還是上升」）
   私產逐日：110 32 32 32 34 34 34 35 35 36 36 36 36 36 36 36 36 36 36 36 36 36 36 36 36 36 36 36 36 36
   公庫逐日：200 188 188 188 140 140 140 140 140 140 140 140 141 141 141 141 141 141 141 141 141 141 141 141 141 141 141 141 141 141
   當日拒絕：0 0 0 0 1 0 2 0 2 0 2 0 2 0 2 0 2 0 2 0 2 0 2 0 2 0 0 2 0 2
── Team8 
   總量 首日 0 → 末日 0｜最大 0｜單調不減 是｜末 10 天極差 0（0〜0）
   拒絕合計：升級 0｜設施牆 0
   ★末段斜率(10 天) +0.00/日｜距【物理 150】永不（斜率≤0）｜距【含緩衝 225】永不（斜率≤0）
      （參考：全窗斜率 +0.00/日 —— ★含開局一次性支出，★★不可用來答「卡平台還是上升」）
   私產逐日：0 0 0 0 0 0 0 0 0 0 0 0 0 0 0 0 0 0 0 0 0 0 0 0 0 0 0 0 0 0
   公庫逐日：0 0 0 0 0 0 0 0 0 0 0 0 0 0 0 0 0 0 0 0 0 0 0 0 0 0 0 0 0 0
   當日拒絕：0 0 0 0 0 0 0 0 0 0 0 0 0 0 0 0 0 0 0 0 0 0 0 0 0 0 0 0 0 0
── Team9 
   總量 首日 21 → 末日 3｜最大 52｜單調不減 否｜末 10 天極差 49（3〜52）
   拒絕合計：升級 27｜設施牆 26
   ★末段斜率(10 天) -4.35/日｜距【物理 150】永不（斜率≤0）｜距【含緩衝 225】永不（斜率≤0）
      （參考：全窗斜率 -0.61/日 —— ★含開局一次性支出，★★不可用來答「卡平台還是上升」）
   私產逐日：21 21 22 23 24 24 25 26 27 27 28 28 29 30 31 32 32 33 34 35 36 36 37 38 39 40 40 42 42 3
   公庫逐日：0 1 1 1 2 2 2 3 3 3 3 4 4 4 5 5 5 6 6 6 7 7 7 8 8 8 9 9 10 0
   當日拒絕：0 0 4 0 4 0 4 0 4 0 4 0 4 0 4 0 4 0 4 0 4 0 4 0 4 0 0 4 0 1
── Team10 
   總量 首日 25 → 末日 42｜最大 70｜單調不減 否｜末 10 天極差 28（15〜42）
   拒絕合計：升級 25｜設施牆 8
   ★末段斜率(10 天) +3.09/日｜距【物理 150】35 天｜距【含緩衝 225】59 天
      （參考：全窗斜率 +0.59/日 —— ★含開局一次性支出，★★不可用來答「卡平台還是上升」）
   私產逐日：24 27 31 34 17 22 27 34 39 46 14 19 26 31 36 38 42 46 48 52 13 16 19 21 24 25 27 29 31 33
   公庫逐日：2 3 5 6 1 3 5 8 10 13 2 4 7 9 11 13 14 16 17 18 1 2 4 4 6 6 7 8 9 10
   當日拒絕：0 0 4 0 4 0 4 0 4 0 1 0 2 0 2 0 2 0 2 0 0 0 2 0 2 0 0 2 0 2
── Team11 
   總量 首日 39 → 末日 62｜最大 79｜單調不減 否｜末 10 天極差 22（57〜79）
   拒絕合計：升級 25｜設施牆 0
   ★末段斜率(10 天) -1.89/日｜距【物理 150】永不（斜率≤0）｜距【含緩衝 225】永不（斜率≤0）
      （參考：全窗斜率 +0.81/日 —— ★含開局一次性支出，★★不可用來答「卡平台還是上升」）
   私產逐日：33 45 31 47 30 46 51 52 53 53 53 53 53 53 54 55 55 55 55 56 57 57 55 57 58 58 58 58 58 58
   公庫逐日：6 11 11 18 11 18 20 20 21 21 21 21 21 21 21 22 22 22 22 22 22 22 2 4 4 4 4 4 4 4
   當日拒絕：0 0 1 0 1 0 2 0 2 0 2 0 2 0 2 0 2 0 2 0 2 0 1 0 2 0 0 2 0 2

═══ ★★material 進帳出口（分母＝matin.call；★零 ≠ 沒接上，看 call 本身）═══
   team      call  pool_empty  carry_full  zero_other    gained      進帳量   載重/上限
   0          72           0          44           0        28       153.1       59/60
   1          72           0          44           0        28       217.4       59/60
   2          72           0          49           0        23       183.3       59/60
   3          72           0          60           0        12        12.0       59/60
   4          72           0          61           0        11        11.0       59/60
   5          72           0          72           0         0         0.0      150/60
   6          72           0          30           0        42        50.8       59/60
   7          72           0          66           0         6         7.0       59/60
   8          40           0          40           0         0         0.0       80/60
   9          72           0           0           0        72        33.1        9/60
   10         72           0           0           0        72       162.3       34/60
   11         72           0          44           0        28       182.3       59/60
  ★卸貨出口（分母 matunload.call）：
      Team0   call   72｜不需要   72｜卸下    0（0.0）｜★倉滿卸不完    0
      Team1   call   72｜不需要   72｜卸下    0（0.0）｜★倉滿卸不完    0
      Team2   call   72｜不需要   72｜卸下    0（0.0）｜★倉滿卸不完    0
      Team3   call   72｜不需要   62｜卸下    4（353.2）｜★倉滿卸不完    9
      Team4   call   72｜不需要   62｜卸下    4（351.2）｜★倉滿卸不完    9
      Team5   call   72｜不需要    0｜卸下    2（250.0）｜★倉滿卸不完   72
      Team6   call   72｜不需要   72｜卸下    0（0.0）｜★倉滿卸不完    0
      Team7   call   72｜不需要   68｜卸下    3（338.5）｜★倉滿卸不完    3
      Team9   call   72｜不需要   72｜卸下    0（0.0）｜★倉滿卸不完    0
      Team10  call   72｜不需要   72｜卸下    0（0.0）｜★倉滿卸不完    0
      Team11  call   72｜不需要   72｜卸下    0（0.0）｜★倉滿卸不完    0
  ★★★載重/上限：`carry_full` 只有在【上限被吃滿】時才成立 —— 兩欄要一起讀。

═══ ★需求端（買料）＝另一條鏈：採集是【被動】的，沒有 goal/argmax 這一段 ═══
   resolver.resource_candidate.res.material = 178（★「為了取得 material 而提的 candidate」）
   ★systems 的 (a)(b)(c)(d) 四格【只適用這一條】——★★被動採集沒有「有沒有提出」這個問題。

★★兩條線【對齊看】：存量爬升的那幾天，當日拒絕有沒有跟著減少。
★★★判讀留給 systems —— 本床只給軌跡，不說是 sink 還是窗長。
